Webots Project File version R2023a
perspectives: 000000ff00000000fd00000003000000000000000000000000fc0100000001fb0000001a0044006f00630075006d0065006e0074006100740069006f006e000000000000000014000000000000000000000001000001f7000001e1fc0200000001fb0000001400540065007800740045006400690074006f00720100000016000001e10000008900ffffff0000000300000556000000b2fc0100000004fb0000000e0043006f006e0073006f006c00650100000000000005660000000000000000fc00000000000005560000000000fffffffa000000000100000001fb000000140043006f006e0073006f006c00650041006c006c0100000000ffffffff0000000000000000fb0000001a0043006f006e0073006f006c00650041006c006c0041006c006c0100000000000005560000006900fffffffb0000001a0043006f006e0073006f006c00650041006c006c0041006c006c01000000000000055600000000000000000000035d000001e100000001000000020000000100000008fc00000000
simulationViewPerspectives: 000000ff000000010000000200000100000003420100000002010000000100
sceneTreePerspectives: 000000ff00000001000000030000001c0000008b000000fa0100000002010000000200
maximizedDockId: -1
centralWidgetVisible: 1
projectionMode: ORTHOGRAPHIC
orthographicViewHeight: 0.909369
textFiles: 0 "controllers/test_controller/test_controller.py"
consoles: Console:All:All
renderingDevicePerspectives: Crazyflie:camera;0;0.0987654;0;0
